Startpoint: 0;0;0;, 0;0;0;,
Building: 0;0;0;, 1;1;1;, 0;0;0;,
Jumpwall: 0;5;0;, 1;5;1;, 0;0;0;,
Building: 0;10;0;, 1;1;1;, 0;0;0;,
Building: -5;8;0;, 1;1;1;, 25;0;0;,
Bridge: -10;8;0;, 5;.5;1;, 0;0;0;,
Building: -15;8;0;, 1;1;1;, 0;0;0;,
Building: -17;5;0;, .5;.5;1;, 0;0;0;,
Building: -14;3;0;, 1;1;1;, 0;0;0;,
Bridge: -14;0;0;, 10;.5;1;, 90;0;0;,
Building: -14;-10;1;, 1;1;1;, 0;0;0;,
Jumpwall: -5;-10;1;, 15;0;0;, 90;0;0,
Building: 5;-10;1;, 1;1;1;, 0;0;0;,
Building: 8;-10;.7;, 1;1;1;, 0;0;0;,
Endbox: 8;-10;.7;, 5;5;5;, 0;0;0;,