Startpoint 0;55;0; 0;0;0;
Building 0;0;0; 1;1;1; 0;0;0;
Obstacle 0;35;80; .25;.25;.25; 0;0;0;
Obstacle 5;35;120; .25;.25;.25; 0;0;0;
Obstacle 0;35;160; .25;.25;.25; 0;0;0;
Building 0;0;240; 1;1;1; 0;0;0;
Ramp 45;45;240; .25;.25;.25; 0;0;0;
Building 130;0;200; 1;1;1; 0;0;0;
Bridge 250;44.5;200; 5;.1;.0125; 0;0;0;
Building 450;0;200; 1;1;1; 0;0;0;
Building 460;0;180; 1;1;1; 90;0;0;
Building 420;0;160; 1;1;1; 0;0;0;
Bridge 420;44.75;0; 5;.1;.0125; 0;90;0;
Building 420;0;-100; 1;1;1; 0;0;0;
Obstacle 400;35;-100; .25;.25.;25; 0;0;0;
Obstacle 360;35;-90; .25;.25.;25; 0;45;0;
Obstacle 320;35;-100; .25;.25.;25; 0;30;0;
Obstacle 280;35;-110; .25;.25.;25; 0;27;0;
Obstacle 250;35;-100; .25;.25.;25; 0;0;0;
Building 200;0;-100; 1;1;1; 0;0;0;
Building 180;0;-100; 1;1;1; 0;0;0;
Endbox 180;0;-100; 1;1;1; 0;0;0;